10	26	0.82381285795
10	21	4.5777620207
10	22	2.69288790705
10	7	1.85953717503
10	6	1.34990386915
10	8	2.19948952497
26	10	1.50980671324
26	21	3.63132264756
26	22	6.87977477014
26	16	1.33994900547
26	1	2.35196329671
26	3	1.7827526377
26	4	5.18127728681
26	7	2.61183539561
26	6	2.61189641635
26	8	3.97117640329
26	25	3.29162788878
26	14	0.815444097096
21	10	4.41046740933
21	26	2.60218979123
21	22	3.28223670231
21	16	2.37196565196
21	4	3.11244614068
21	7	5.40470087737
21	6	2.51665312116
21	8	2.51677001852
22	10	2.52950659688
22	26	3.65203314711
22	21	3.80111761591
22	16	3.03940072001
22	1	1.16270460593
22	25	2.78180202151
22	7	7.53943014453
22	6	4.48130781688
22	8	6.8601214817
16	8	1.51965908932
16	5	2.01318976213
16	22	1.16375308052
16	7	2.19954987168
16	10	1.89927919998
1	10	3.02623902924
1	26	3.71388068479
1	22	1.67512696967
1	5	1.67520170997
1	4	4.733519146
1	7	1.49787995268
1	6	1.1582270564
3	6	1.25305611484
5	14	0.815518017969
5	16	3.20942362697
5	1	1.33263090074
5	4	5.86057726508
5	7	4.31137369848
5	6	2.95257273591
5	8	2.44304446908
4	10	1.3405191038
4	26	7.05008590092
4	22	1.78337851477
4	1	4.05133049203
4	5	10.1092204656
4	7	2.78263250586
4	6	6.5205440661
4	8	2.44294643096
7	10	2.54141802515
7	26	2.26123226404
7	21	3.36474416567
7	22	4.30032971222
7	16	3.39111905677
7	3	1.92169971413
7	5	3.2811014751
7	4	2.60167457375
7	6	2.00531483516
7	8	3.53455070986
7	25	2.34529132486
6	10	1.5222094401
6	26	3.9612317989
6	22	4.81098609377
6	16	1.69213274864
6	5	2.94228753266
6	4	4.81151578713
6	7	5.06373314332
6	8	3.7047986474
6	25	3.02530281921
8	10	2.71172461137
8	26	1.75313154653
8	21	3.36511324727
8	22	5.83100006471
8	16	1.69248454068
8	5	2.43296905798
8	4	2.43302911613
8	7	2.34565086647
8	6	3.70498310394
25	26	3.96215233625
25	14	0.815363336637
25	16	1.52261582502
25	7	2.68568475097
25	6	2.68579777788
25	21	4.21503209118
14	26	0.815363226813
