11	25	2.91950496986
11	15	2.91950496986
11	10	2.7766156694
11	18	3.02525635331
11	28	2.91950496986
11	29	2.91950496986
11	9	2.7766156694
11	8	3.02525635331
10	11	3.89229815416
10	25	3.85840348289
10	26	3.85840348289
10	21	3.89229815416
10	17	3.99871413901
10	16	3.89229815416
10	18	3.89229815416
10	29	3.85840348289
10	9	3.99871413901
10	8	3.89229815416
26	11	3.94061931759
26	10	3.73326368157
26	15	4.02244505073
26	17	3.73326368157
26	25	4.02244505073
26	18	3.94061931759
26	9	3.73326368157
26	8	3.94061931759
15	25	2.33013575457
15	26	2.33013575457
15	21	2.24831002143
15	10	2.04095438541
15	18	2.24831002143
15	28	2.33013575457
15	29	2.33013575457
15	1	1.97183584006
15	9	2.04095438541
15	8	2.24831002143
21	8	2.36146183038
21	28	2.25571044693
21	18	2.36146183038
21	17	2.11282114647
21	10	2.11282114647
17	25	3.41215968685
17	26	3.41215968685
17	21	3.44605435813
17	10	3.55247034297
17	29	3.41215968685
17	9	3.55247034297
17	8	3.44605435813
25	11	2.78574196984
25	26	2.86756770297
25	15	2.86756770297
25	17	2.57838633381
25	18	2.78574196984
25	28	2.86756770297
25	29	2.86756770297
25	1	2.50926778847
25	8	2.78574196984
18	11	3.18513224572
18	10	2.9364915618
18	26	3.07938086227
18	15	3.07938086227
18	21	3.18513224572
18	25	3.07938086227
18	16	3.18513224572
18	28	3.07938086227
18	29	3.07938086227
18	1	2.78961465295
18	9	2.9364915618
18	8	3.18513224572
16	8	2.36502133952
16	28	2.25926995607
16	21	2.36502133952
16	18	2.36502133952
16	10	2.11638065561
28	15	2.85753635903
28	21	2.77571062589
28	18	2.77571062589
28	29	2.85753635903
28	1	2.49923644453
28	8	2.77571062589
29	11	2.74248854057
29	10	2.53513290455
29	15	2.82431427371
29	18	2.74248854057
29	9	2.53513290455
29	8	2.74248854057
1	11	2.23076348931
1	25	2.28393160111
1	15	2.28393160111
1	21	2.23076348931
1	17	2.23009888791
1	18	2.23076348931
1	8	2.23076348931
9	11	3.00331074608
9	10	3.10972673092
9	26	2.9694160748
9	21	3.00331074608
9	17	3.10972673092
9	18	3.00331074608
9	29	2.9694160748
9	8	3.00331074608
8	11	3.3797834638
8	10	3.13114277989
8	26	3.27403208035
8	15	3.27403208035
8	21	3.3797834638
8	17	3.13114277989
8	25	3.27403208035
8	18	3.3797834638
8	16	3.3797834638
8	28	3.27403208035
8	29	3.27403208035
8	1	2.98426587104
8	9	3.13114277989
