10	25	0.0
10	13	0.0
10	17	0.0
10	19	0.0
10	18	0.0
10	31	0.0
10	3	0.0
10	9	0.0
13	10	0.0
13	27	0.0
13	17	0.0
13	25	0.0
13	19	0.0
13	18	0.0
13	31	0.0
13	28	0.0
13	1	0.0
13	3	0.0
13	7	0.0
13	9	0.0
27	13	0.0
27	17	0.0
27	18	0.0
27	31	0.0
27	28	0.0
27	1	0.0
27	3	0.0
27	7	0.0
27	9	0.0
17	10	0.0
17	13	0.0
17	27	0.0
17	25	0.0
17	19	0.0
17	18	0.0
17	31	0.0
17	28	0.0
17	1	0.0
17	3	0.0
17	7	0.0
17	9	0.0
25	10	0.0
25	13	0.0
25	27	0.0
25	17	0.0
25	19	0.0
25	18	0.0
25	31	0.0
25	3	0.0
25	7	0.0
19	10	0.0
19	13	0.0
19	27	0.0
19	17	0.0
19	25	0.0
19	18	0.0
19	31	0.0
19	3	0.0
19	7	0.0
18	25	0.0
18	27	0.0
18	19	0.0
18	31	0.0
18	28	0.0
18	3	0.0
18	7	0.0
31	10	0.0
31	13	0.0
31	27	0.0
31	17	0.0
31	25	0.0
31	19	0.0
31	18	0.0
31	3	0.0
31	7	0.0
31	9	0.0
28	1	0.0
28	18	0.0
28	27	0.0
28	9	0.0
28	17	0.0
1	10	0.0
1	13	0.0
1	27	0.0
1	17	0.0
1	19	0.0
1	18	0.0
1	28	0.0
1	3	0.0
1	7	0.0
3	10	0.0
3	13	0.0
3	27	0.0
3	17	0.0
3	25	0.0
3	19	0.0
3	18	0.0
3	31	0.0
3	1	0.0
3	7	0.0
7	10	0.0
7	13	0.0
7	27	0.0
7	25	0.0
7	19	0.0
7	18	0.0
7	31	0.0
7	28	0.0
7	1	0.0
7	3	0.0
7	9	0.0
9	13	0.0
9	7	0.0
