11	10	6.4937153197
11	12	0.832303081924
11	14	1.51436293511
11	22	1.34451112452
11	18	3.38369320467
11	3	1.6848208316
11	4	1.68181698149
11	9	2.9257739568
11	8	4.91036420966
10	11	6.49421624437
10	14	3.89377137583
10	22	10.5211165665
10	18	1.68649279658
10	3	2.19629970345
10	4	5.25069635141
10	9	4.28554141246
10	8	5.76073950356
12	10	1.68754825251
14	11	1.86700131314
14	10	3.56612193517
14	12	2.56332315393
14	22	8.43435340453
14	18	8.43456620239
14	1	4.71764647392
14	3	6.22601371455
14	4	5.62167769631
14	24	5.71658899668
14	8	3.92301012909
22	24	1.29906708923
22	10	16.6499217432
22	12	2.22378483552
22	14	5.20670053748
22	3	5.37677143604
22	4	11.3985762049
22	9	3.05779629706
22	8	1.54444568513
18	11	7.1360447221
18	10	1.5294566851
18	12	3.58319286485
18	14	6.90577518493
18	22	2.14859262563
18	3	1.97877410838
18	4	1.03468162894
18	24	2.48879363304
18	9	3.05865363631
18	8	6.30211321415
1	24	1.66259925995
1	10	0.632052044453
1	14	4.04133426736
1	18	2.34236210739
1	3	4.21170037274
1	4	1.14302805361
3	11	0.849793588139
3	10	3.56837324777
3	12	1.88452509691
3	14	8.26510734906
3	22	7.41597012814
3	18	2.48884287898
3	1	3.01865422358
3	4	2.5645139372
3	24	4.18778120191
3	9	0.849859263777
3	8	1.88501021076
4	11	1.34690012137
4	10	7.29406428738
4	14	4.94290077482
4	22	11.7395367119
4	18	2.22504881828
4	1	1.48197496119
4	3	2.39512365183
4	24	1.54565674441
4	9	1.51761496103
4	8	1.74018315441
24	11	6.11673857976
24	10	1.5294212567
24	14	5.54653018635
24	22	1.63881685834
24	18	4.86749746625
24	1	1.31974563924
24	3	4.01818762973
24	4	1.03495004107
24	9	1.18950070415
24	8	2.22461771795
9	11	2.92564982732
9	8	1.17242819574
9	4	2.19193936738
9	22	2.02505389244
9	10	3.94529150033
8	11	5.93567794624
8	10	4.74674217504
8	14	4.26361968586
8	22	2.7345873063
8	18	4.7739488205
8	3	2.22559057384
8	4	2.75935366591
8	24	2.22584137636
8	9	1.68850781878
