11	10	4.27770284036
11	38	3.59840887824
11	21	1.02089933295
11	27	2.06990430728
11	6	0.710894702984
11	8	2.41002304701
10	11	2.92183094129
10	13	1.22735759219
10	27	5.21723408433
10	18	2.58682616293
10	38	6.91726689001
10	7	4.96080633831
10	8	4.19903920542
13	11	0.858497353062
13	10	1.41349857913
13	27	1.41359641165
13	21	2.12620933493
13	38	1.75387081931
13	7	1.02843888505
13	6	0.904535145656
13	9	0.858631635901
13	8	1.0746134422
27	11	2.07240567351
27	10	6.40777672289
27	13	1.73712728251
27	38	3.51983623293
27	21	3.94588748646
27	18	2.24787362365
27	1	1.173557649
27	5	2.92766982903
27	7	2.07255981262
27	9	1.22325163723
27	8	3.3499936057
21	10	3.45267644576
21	13	2.29561656447
21	27	4.3024587341
21	14	1.27627320621
21	18	1.61649243875
21	1	4.75820514219
21	5	6.88394942725
21	7	2.21763605867
21	9	1.19832921512
21	8	2.77323415118
18	10	3.62293754077
18	27	2.9441875233
18	38	1.41535179388
18	5	2.63648698818
18	7	3.91717058778
18	6	0.735877993853
18	9	1.0289159144
1	11	1.0029306523
1	13	0.674460749114
1	21	3.73292345047
1	18	1.3544001311
1	5	5.26248411436
1	9	0.833250215421
38	10	6.06778478729
38	13	1.73760017982
38	27	2.66984716637
38	21	1.22796339977
38	7	3.94085044625
38	6	1.48065939228
38	8	3.68976318219
5	11	2.04820769857
5	10	2.0946381148
5	13	1.44687826392
5	27	4.47351657101
5	21	6.20482058839
5	18	3.3167831877
5	1	6.28776873637
5	38	1.41513109252
5	6	1.75502930129
5	8	2.77453695764
5	14	1.10801975987
7	10	7.16524146595
7	38	2.57797720797
7	18	2.8892075805
7	27	1.89871923604
7	9	1.24815065763
7	8	2.91818569365
6	11	0.71240684883
6	8	1.14030499131
6	38	2.15999544295
6	27	1.48084540341
6	18	1.05718400252
9	10	3.08841814344
9	13	1.19026430361
9	27	1.38946953098
9	7	1.07837603109
9	38	1.55944691611
8	10	4.02951887763
8	13	0.887270408177
8	38	4.87972213649
8	21	2.24676631951
8	18	1.73725183567
8	7	4.95965338801
8	6	1.14180794063
8	9	1.22217886251
14	18	1.10735573887
14	6	0.73450470959
