25	13	3.43184507713
25	12	3.04825035514
13	25	2.92222184735
13	12	4.06823056485
13	15	3.72031981598
13	22	3.04104156915
13	33	1.68980352699
13	36	0.81546059087
13	3	2.02177652836
13	7	2.70944214031
13	9	2.8796684427
12	13	4.41160323717
12	15	5.15022266735
12	22	10.7577605159
12	33	4.69843922982
12	36	0.815459654497
12	3	1.92297731436
12	4	3.79197219671
12	9	4.5285822297
15	13	4.23507337777
15	12	6.17388197732
15	33	10.4217812159
15	32	1.78348069846
15	31	0.815629086889
15	40	0.824219281214
15	3	3.14294406308
15	9	3.96552239673
22	25	2.7060365441
22	13	3.21606674978
22	12	7.53377486899
22	33	3.28662031049
22	31	0.815712015891
22	36	0.815796561507
22	3	2.12343361753
22	4	1.95367917944
22	7	2.43707226596
22	9	1.92749970823
33	25	3.05215245204
33	13	3.56233455867
33	12	6.39673214139
33	15	8.88835067553
33	22	4.3011905513
33	32	3.79155136645
33	31	0.816045783018
33	40	0.823192000252
33	4	5.66066994223
33	9	5.37744729475
32	13	1.17714853857
32	12	0.907566738702
32	22	2.63300337749
32	33	3.62608716661
32	31	0.816209058834
32	36	0.816375975621
32	40	0.824233691248
32	3	1.27374262274
32	4	1.2738157528
32	7	0.907528969766
32	9	1.7571739714
31	13	0.81553923735
31	15	0.815955628104
31	33	0.81545545712
31	32	0.816454028181
31	40	0.81562148931
31	3	0.81653611548
31	4	0.816701905073
31	9	0.81578718801
36	13	0.815786914879
36	12	0.815869825391
36	15	0.816782568942
36	3	0.817113181642
36	7	0.815952099993
36	9	0.816200332962
40	12	0.825726032865
40	15	0.82282543188
40	22	0.822906863465
40	33	0.825883977754
40	32	0.82298546099
40	31	0.81545427397
40	36	0.81561961253
40	4	0.823142398671
3	13	1.34697397492
3	12	2.77579521796
3	15	2.46267817052
3	22	1.95304333334
3	31	0.816526153377
3	36	0.816772812929
3	4	7.22003790845
3	7	1.07673701501
3	9	1.75641229667
4	13	3.89552422248
4	12	4.81490129079
4	22	2.80278256487
4	33	5.15470515875
4	31	0.816851006014
4	36	0.817014822604
4	40	0.824244377031
4	3	5.69120523705
4	7	2.09641176513
7	9	2.31752148053
7	31	0.816109684102
7	15	2.77052358401
7	3	0.901663925274
7	22	2.60075408358
9	13	3.05220665144
9	12	4.5261587767
9	15	4.97955904887
9	22	2.7711592063
9	33	4.52622911739
9	31	0.816269429576
9	36	0.816513922318
9	3	1.75168601446
9	4	2.60132992658
9	7	2.48741822223
