11	10	3.12373886977
11	21	2.07124910892
11	22	2.07124910892
11	18	2.07124910892
11	3	2.07124910892
11	5	2.0560602729
11	4	2.0560602729
11	9	3.12373886977
11	8	2.0560602729
10	11	3.45347189819
10	14	2.40098213734
10	22	2.40098213734
10	18	2.40098213734
10	3	2.40098213734
10	5	2.38579330132
10	4	2.38579330132
10	7	3.45347189819
10	9	3.45347189819
10	8	2.38579330132
10	21	2.40098213734
14	11	2.48539686896
14	10	2.48539686896
14	21	3.86761094509
14	22	3.86761094509
14	18	3.86761094509
14	1	2.28287905535
14	3	3.86761094509
14	5	2.57969422592
14	4	2.57969422592
14	8	2.57969422592
22	10	2.74287198144
22	14	4.12508605757
22	18	4.12508605757
22	3	4.12508605757
22	5	2.8371693384
22	4	2.8371693384
22	9	2.74287198144
22	8	2.8371693384
18	11	2.21373183771
18	10	2.21373183771
18	14	3.59594591384
18	1	2.01121402411
18	3	3.59594591384
18	5	2.30802919468
18	4	2.30802919468
18	7	2.21373183771
18	24	3.59594591384
18	9	2.21373183771
18	8	2.30802919468
1	11	1.31574518403
1	10	1.31574518403
1	14	1.37776626444
1	22	1.37776626444
1	18	1.37776626444
1	3	1.37776626444
1	5	1.32333960204
3	11	2.09194586308
3	10	2.09194586308
3	14	3.47415993921
3	22	3.47415993921
3	18	3.47415993921
3	1	1.88942804947
3	5	2.18624322004
3	4	2.18624322004
3	24	3.47415993921
3	9	2.09194586308
3	8	2.18624322004
3	21	3.47415993921
5	11	2.45484593498
5	10	2.45484593498
5	14	2.61116437236
5	22	2.61116437236
5	18	2.61116437236
5	3	2.61116437236
5	4	3.51682871834
5	7	2.45484593498
5	24	2.61116437236
5	9	2.45484593498
5	8	3.51682871834
4	10	1.96110217842
4	14	2.1174206158
4	22	2.1174206158
4	1	1.76934312366
4	3	2.1174206158
4	5	3.02308496178
4	9	1.96110217842
4	8	3.02308496178
7	24	1.86587837446
7	10	2.91836813531
7	21	1.86587837446
7	18	1.86587837446
7	9	2.91836813531
7	8	1.85068953844
7	14	1.86587837446
24	11	1.66532082548
24	14	3.04753490161
24	18	3.04753490161
24	3	3.04753490161
24	5	1.75961818244
24	7	1.66532082548
24	8	1.75961818244
24	21	3.04753490161
9	11	2.55157643369
9	10	2.55157643369
9	14	1.49908667284
9	22	1.49908667284
9	18	1.49908667284
9	5	1.48389783682
9	4	1.48389783682
9	7	2.55157643369
9	8	1.48389783682
9	21	1.49908667284
8	11	1.95114638446
8	10	1.95114638446
8	14	2.10746482184
8	22	2.10746482184
8	18	2.10746482184
8	1	1.7593873297
8	3	2.10746482184
8	5	3.01312916782
8	4	3.01312916782
8	7	1.95114638446
8	24	2.10746482184
8	9	1.95114638446
8	21	2.10746482184
21	24	2.87622534882
21	10	1.49401127269
21	14	2.87622534882
21	3	2.87622534882
21	5	1.58830862965
21	9	1.49401127269
21	8	1.58830862965
