11	39	0.0
11	12	0.0
11	14	0.0
11	17	0.0
11	23	0.0
11	19	0.0
11	18	0.0
11	16	0.0
11	34	0.0
11	3	0.0
11	4	0.0
11	6	0.0
13	11	0.0
13	39	0.0
13	34	0.0
13	3	0.0
13	4	0.0
13	6	0.0
12	11	0.0
12	17	0.0
12	23	0.0
12	19	0.0
12	18	0.0
12	34	0.0
12	6	0.0
14	19	0.0
14	39	0.0
14	16	0.0
17	11	0.0
17	39	0.0
17	12	0.0
17	23	0.0
17	19	0.0
17	18	0.0
17	16	0.0
17	34	0.0
17	3	0.0
17	4	0.0
17	6	0.0
23	11	0.0
23	39	0.0
23	12	0.0
23	17	0.0
23	16	0.0
23	19	0.0
23	18	0.0
23	34	0.0
23	6	0.0
19	11	0.0
19	39	0.0
19	12	0.0
19	17	0.0
19	23	0.0
19	18	0.0
19	16	0.0
19	34	0.0
19	3	0.0
19	4	0.0
19	6	0.0
18	11	0.0
18	39	0.0
18	12	0.0
18	14	0.0
18	17	0.0
18	23	0.0
18	19	0.0
18	16	0.0
18	34	0.0
18	4	0.0
18	6	0.0
16	11	0.0
16	39	0.0
16	12	0.0
16	17	0.0
16	23	0.0
16	19	0.0
16	3	0.0
16	4	0.0
16	6	0.0
39	11	0.0
39	13	0.0
39	14	0.0
39	17	0.0
39	23	0.0
39	19	0.0
39	16	0.0
39	34	0.0
39	3	0.0
39	4	0.0
39	6	0.0
34	11	0.0
34	13	0.0
34	12	0.0
34	17	0.0
34	19	0.0
34	18	0.0
34	39	0.0
34	4	0.0
34	6	0.0
3	11	0.0
3	19	0.0
3	12	0.0
3	17	0.0
3	16	0.0
4	11	0.0
4	13	0.0
4	12	0.0
4	17	0.0
4	16	0.0
4	19	0.0
4	18	0.0
4	39	0.0
4	34	0.0
4	6	0.0
6	11	0.0
6	13	0.0
6	17	0.0
6	16	0.0
6	19	0.0
6	18	0.0
6	39	0.0
6	34	0.0
6	3	0.0
6	4	0.0
