11	24	5.99431431625
11	12	4.4805401433
11	15	4.4805401433
11	14	4.30756521767
11	17	4.4805401433
11	16	4.04688469595
11	23	5.99431431625
11	1	4.05338140677
11	3	4.4805401433
11	2	4.4805401433
11	7	4.30756521767
11	9	4.30756521767
11	8	5.99431431625
24	12	3.67724868774
24	2	3.67724868774
12	11	3.40585901894
12	24	3.40585901894
12	16	2.91048481879
12	23	3.40585901894
12	3	4.55013276391
12	2	4.55013276391
12	7	2.99494205947
12	9	2.99494205947
12	8	3.40585901894
15	11	2.025120747
15	12	3.16939449197
15	16	1.52974654685
15	1	1.56710263407
15	3	3.16939449197
15	2	3.16939449197
15	7	1.61420378753
15	9	1.61420378753
15	8	2.025120747
14	11	1.88553228536
14	8	1.88553228536
14	16	1.72230242596
17	1	2.35460539083
17	11	2.81262350375
17	3	3.95689724873
17	16	2.3172493036
16	11	1.52974654685
16	12	1.52974654685
16	15	1.52974654685
16	17	1.52974654685
16	23	1.52974654685
16	3	1.52974654685
16	2	1.52974654685
16	7	1.52974654685
16	9	1.52974654685
16	8	1.52974654685
23	11	4.84035917258
23	12	3.32658499963
23	15	3.32658499963
23	16	2.89292955228
23	3	3.32658499963
23	2	3.32658499963
23	7	3.153610074
23	9	3.153610074
23	8	4.84035917258
1	11	1.83845693467
1	12	1.88393391042
1	15	1.88393391042
1	16	1.81896680221
1	23	1.83845693467
1	3	1.88393391042
1	2	1.88393391042
1	7	1.82465142417
3	11	2.28265319427
3	24	2.28265319427
3	12	3.42692693924
3	15	3.42692693924
3	17	3.42692693924
3	16	1.78727899412
3	23	2.28265319427
3	1	1.82463508134
3	2	3.42692693924
3	7	1.8717362348
3	9	1.8717362348
3	8	2.28265319427
2	12	4.98327308143
2	15	4.98327308143
2	16	3.34362513631
2	23	3.83899933646
2	1	3.38098122354
2	3	4.98327308143
2	7	3.42808237699
2	8	3.83899933646
7	11	2.64653652664
7	12	2.55071004202
7	15	2.55071004202
7	16	2.48330666724
7	23	2.64653652664
7	9	3.86714662377
7	8	2.64653652664
9	11	2.01051695001
9	12	1.91469046539
9	15	1.91469046539
9	23	2.01051695001
9	7	3.23112704714
9	8	2.01051695001
8	11	5.02756014336
8	12	3.51378597041
8	15	3.51378597041
8	16	3.08013052306
8	23	5.02756014336
8	3	3.51378597041
8	2	3.51378597041
8	7	3.34081104478
8	9	3.34081104478
