11	25	0.912157178823
11	26	1.27349745734
11	21	3.46074637068
11	16	2.01991171212
11	42	1.93171019796
11	7	1.76204136003
25	11	0.903607523638
25	26	3.96191002807
25	15	3.53543789526
25	21	4.21521600944
25	16	1.52267086924
25	42	5.40475947318
25	3	1.24364445933
25	4	2.43313952314
25	7	2.6864782004
25	8	3.53604595635
26	11	1.27365669647
26	25	3.29056919712
26	21	3.6304319319
26	16	1.34031059746
26	18	1.93143481685
26	42	4.3101838989
26	1	2.35220844549
26	3	1.78333647886
26	4	5.1815126826
26	7	2.61113967446
26	8	3.97041650785
15	25	2.68621721238
15	26	1.75317492763
15	21	3.53597170782
15	16	2.20217150282
15	18	3.1961869292
15	42	4.38578113851
15	3	4.47178171533
15	7	3.02662148942
15	14	0.81543519382
21	11	3.11274128744
21	25	3.36644789621
21	15	3.36650320581
21	14	0.815508100708
21	16	2.37272103985
21	18	2.00712617428
21	42	8.63370477699
21	3	1.58346870683
21	7	5.40567147821
21	8	2.51766090922
16	11	1.67316225191
16	15	1.34884077186
16	21	3.38801339273
16	42	2.87851249283
16	7	2.19904036967
16	8	1.51970535377
16	14	0.81536133861
18	11	0.903536006342
18	25	1.66792100611
18	26	1.24337100695
18	21	1.4981103881
42	11	3.11244403244
42	25	4.55657324074
42	26	3.62231377407
42	15	3.19744702248
42	21	8.46474753484
42	16	2.71230111488
42	1	0.986707168687
42	3	1.24375816662
42	4	5.49137555968
42	7	4.55697742056
42	8	3.36787811836
1	25	1.15811975365
1	26	3.71364124178
1	15	1.66789745297
1	21	0.988359475272
1	16	0.817448668359
1	18	0.818528081864
1	3	2.18479495431
1	4	4.73347112983
1	7	1.49834860767
3	25	1.41996283829
3	15	5.66791949858
3	21	1.25051447975
3	16	1.00032222756
3	18	1.59033070482
3	42	1.42071132116
3	1	0.993066979578
3	4	3.65102341846
3	7	1.08092911308
3	8	1.59097478465
3	14	0.815646129916
4	11	1.44226819955
4	25	2.10080556355
4	26	7.04927113353
4	15	3.79982512533
4	21	2.10085763852
4	18	1.42130437433
4	42	5.49907374126
4	3	4.84080939803
4	7	2.7806163109
4	8	2.44086769076
7	11	1.75248206315
7	25	2.34737946967
7	26	2.26219169328
7	15	2.68743559651
7	21	3.36736704807
7	16	3.39172945156
7	1	1.15665543166
7	3	1.92222509194
7	4	2.60194917358
7	14	0.815572613969
8	25	3.70712213664
8	3	2.2626179709
8	42	4.38673557489
8	21	3.36742815005
8	16	1.69281368452
14	18	0.815359543861
14	3	0.815430250744
14	15	0.815430228737
