11	10	2.41912881042
11	15	0.925392192275
11	21	1.14119192268
11	17	2.24940716073
11	23	0.676848397068
11	29	0.755616637949
11	4	1.09548811461
11	6	1.65098483448
11	8	1.65126281296
11	25	2.4551412982
10	11	1.55856573585
10	25	1.54784938702
10	15	1.20812126528
10	17	3.30119691597
10	23	0.6769274121
10	29	3.24707961325
10	6	2.40831280554
10	8	5.12689978158
15	11	1.0973216803
15	10	1.04502811203
15	21	0.757685964585
15	17	0.875260701427
15	23	0.677165802526
15	16	0.75782029902
15	29	1.13619987906
15	1	0.687144366279
15	4	1.47641202388
15	6	0.757896954081
15	8	0.758354476312
15	25	1.47719993766
21	11	1.14070896057
21	10	1.22925592123
21	15	0.755213515261
21	17	0.719734198656
21	23	0.677239547757
21	16	1.14090905535
21	4	1.09510204248
21	8	1.14141031529
21	25	0.755383745891
17	11	1.38871994743
17	25	1.20792636074
17	21	0.709251240387
17	23	0.677000059723
17	6	1.38907448768
17	8	1.72917143616
17	10	3.64077868323
23	11	0.67684192942
23	25	0.676684536349
23	15	0.67692040128
23	21	0.677155926318
23	16	0.677312843548
23	29	0.677312233027
23	20	0.676762777774
23	4	0.677468608729
23	6	0.677702957017
23	8	0.678483359938
16	25	0.754743333708
16	20	0.719296930802
16	21	1.14105016645
16	17	0.719338357277
16	23	0.677854088655
16	4	0.75467134628
16	8	1.14126763683
29	11	0.756822852291
29	10	2.06414910553
29	15	1.13667603637
29	23	0.67722751983
29	4	2.15614801245
29	6	3.30542232229
29	8	3.98535116738
20	11	0.879239210073
20	25	0.69793164819
20	21	0.709475129658
20	17	1.77171379366
20	16	0.709541414551
20	4	0.697990949847
20	8	1.55926315829
1	10	0.678154448267
1	15	0.690848016666
1	4	5.61809180916
1	21	0.678772406871
4	11	1.4366733858
4	10	2.91356958251
4	15	1.3071181371
4	21	0.926992828566
4	23	0.677454258873
4	16	0.75742993256
4	29	1.64700417169
4	1	4.76472902108
4	25	5.21518177009
4	6	5.00528105191
4	8	4.83588282072
6	11	1.82003181111
6	10	3.77714281499
6	15	0.753620643415
6	21	1.14064794415
6	17	2.75772675655
6	23	0.678058211792
6	29	3.47225928288
6	4	4.32202457116
6	8	4.02957548366
6	25	2.45333454303
8	11	2.16071725646
8	10	6.66553781047
8	15	0.754862179227
8	21	1.14141715705
8	17	2.41808581133
8	23	0.678348434864
8	16	1.14179975498
8	29	3.98333600276
8	4	5.85282372925
8	6	3.86063156441
8	20	1.39867729858
8	25	1.26609608661
25	11	2.28615521162
25	10	2.06342078801
25	15	2.15572517889
25	21	0.757125992191
25	23	0.677952550531
25	16	0.75715630574
25	29	3.00518774382
25	1	2.38587265793
25	4	4.19495093122
25	6	2.96625907957
25	8	1.26760279364
