11	25	2.08798892766
11	20	4.09071521267
11	14	1.20246320077
11	19	3.88730612404
11	33	2.22204491184
11	7	3.92168528987
11	9	2.08821724647
25	14	1.37320998813
25	16	2.3582559157
25	33	5.1118421773
25	36	4.63680723376
25	34	6.13203307402
25	1	1.16049387631
25	7	2.56442204112
25	9	3.10782230651
39	9	1.21539199628
39	19	1.22057642204
39	7	1.83235419772
20	11	4.44365959648
20	25	6.65255964188
20	16	6.48755674108
20	19	6.48814040114
20	33	10.1575398548
20	7	5.06099175816
20	6	2.41076981887
14	9	1.2156670043
14	11	1.21583513328
14	36	1.38590549401
14	7	1.83274020663
14	19	1.3914050576
16	11	1.86046513606
16	20	5.98199339845
16	19	4.32459250829
16	34	4.11313570737
16	33	6.15229178605
16	7	2.41460316431
16	6	2.79617999699
19	11	4.74972557248
19	25	1.3517686048
19	39	1.22532638084
19	20	6.49270616471
19	14	1.7355208501
19	16	2.11644960434
19	1	3.039742327
19	7	5.30391552886
19	6	1.77742151424
19	9	2.88102913575
36	25	4.46703163921
36	39	1.54403778707
36	14	1.20431816871
36	33	2.56387731653
36	7	2.90376701539
36	9	1.91856236321
34	25	6.14316716122
34	20	6.41834183406
34	16	8.86633301452
34	33	7.43833329908
34	36	2.74504087989
34	1	2.35316723546
34	7	2.17126853151
34	6	1.39097122644
1	25	1.67252381347
1	16	6.10127065814
1	19	3.38337454781
1	34	3.71618315921
1	33	2.69686042138
1	6	1.85468240795
1	9	1.84278479463
33	11	2.0650461726
33	25	7.16276857176
33	39	2.0006574978
33	20	10.8357982036
33	14	2.170849532
33	16	5.97822793691
33	19	1.90073113667
33	36	4.27452328309
33	34	8.45761266823
33	7	3.5309472347
33	9	2.9155372649
7	11	3.93543456715
7	25	3.59571021676
7	20	7.09901224556
7	14	1.83225316568
7	19	4.27961154641
7	36	2.40635901664
7	34	2.85165876469
7	33	3.36186397085
7	6	1.22137938567
7	9	2.57652351604
6	25	1.35135087694
6	20	2.41339815962
6	16	2.45600565955
6	19	2.28708573571
6	36	1.18152817542
6	34	2.24392902723
6	1	1.34078182442
6	33	1.90420276395
6	7	1.5644756224
9	11	2.42777657541
9	20	2.22253184389
9	14	1.20344459563
9	19	1.50831047983
9	36	2.08811975989
9	33	2.73261323329
9	7	2.39329746002
