13	22	0.876803059655
13	28	1.21683791998
13	1	0.99915942054
13	2	1.60612100505
13	5	1.77649691158
13	9	0.843168149564
15	13	0.896646152399
15	22	1.63560810418
15	17	1.37566536442
15	28	1.29588996608
15	7	1.46590188844
15	8	1.80592554154
17	8	3.91366363893
17	3	1.68466227077
17	21	1.00517936378
17	7	1.19544352154
22	13	0.896819857707
22	15	1.8058273311
22	17	2.5648931643
22	23	1.37616252354
22	1	1.15799391838
22	3	6.16468344494
22	7	3.5047876862
22	8	4.52431038273
23	8	1.3652820969
23	3	1.34531238705
23	28	1.02566966761
23	22	1.02578896291
28	13	1.40732267873
28	15	1.63582731662
28	17	2.73533211526
28	22	4.86422797523
28	23	1.37630079852
28	2	4.46588656753
28	5	1.5776528404
28	7	5.20395842337
28	9	2.56620689007
28	8	6.22377301276
1	3	2.6952480036
1	13	0.82644850978
1	23	0.988045179039
3	13	1.26575409197
3	15	1.04547975228
3	22	4.27407414217
3	23	1.01275219683
3	28	2.23564172745
3	1	1.50859461624
3	5	1.26603490856
3	9	1.86255707378
3	8	1.04652098174
2	13	1.26606640624
2	15	1.55632211536
2	17	3.56166219827
2	28	2.9156350094
2	1	1.33876273791
2	7	6.14431814707
2	9	1.8629446637
2	8	3.42638108118
5	22	0.878507620387
5	23	0.843562949826
5	1	1.84864036921
5	3	1.26593557019
5	9	1.35335808304
5	8	1.04841333877
7	17	1.71621465185
7	22	3.33423569301
7	23	1.88620123035
7	28	3.67433461956
7	3	1.23607408454
7	2	5.48426019275
7	5	1.0669027426
7	9	2.73611750803
7	8	4.52377062998
9	13	0.835068829479
9	22	2.72386855395
9	23	1.22914607581
9	28	2.72407747953
9	3	0.835272237822
9	2	1.17531868124
9	5	1.00565773573
9	7	2.21476444632
9	8	3.91424773799
8	13	1.23625134075
8	15	2.31474681476
8	17	5.96443179218
8	22	3.67448109292
8	23	1.03739891882
8	28	4.35435797435
8	3	3.10498045699
8	2	7.69275607811
8	7	4.69475453114
8	9	2.73652467258
21	17	1.35282856168
