11	17	0.5
11	23	0.5
11	19	0.5
11	5	0.5
11	7	0.5
11	6	0.5
11	9	0.5
12	23	0.5
12	1	0.5
12	3	0.5
12	2	0.5
12	7	0.5
12	9	0.5
12	8	0.5
17	11	0.5
17	19	0.5
17	1	0.5
17	3	0.5
17	2	0.5
17	7	0.5
17	6	0.5
17	9	0.5
17	8	0.5
23	11	0.5
23	12	0.5
23	19	0.5
23	18	0.5
23	3	0.5
23	2	0.5
23	5	0.5
23	7	0.5
23	6	0.5
23	9	0.5
23	8	0.5
19	11	0.5
19	12	0.5
19	17	0.5
19	23	0.5
19	3	0.5
19	2	0.5
19	7	0.5
19	9	0.5
19	8	0.5
18	11	0.5
18	23	0.5
1	11	0.5
1	12	0.5
1	17	0.5
1	23	0.5
1	3	0.5
1	2	0.5
1	5	0.5
1	7	0.5
1	8	0.5
3	11	0.5
3	17	0.5
3	23	0.5
3	19	0.5
3	18	0.5
3	1	0.5
3	2	0.5
3	5	0.5
3	7	0.5
3	6	0.5
3	8	0.5
2	12	0.5
2	17	0.5
2	23	0.5
2	19	0.5
2	1	0.5
2	3	0.5
2	5	0.5
2	6	0.5
2	9	0.5
2	8	0.5
5	9	0.5
5	8	0.5
5	2	0.5
5	7	0.5
5	23	0.5
7	11	0.5
7	17	0.5
7	23	0.5
7	19	0.5
7	5	0.5
7	6	0.5
7	9	0.5
7	8	0.5
6	11	0.5
6	17	0.5
6	23	0.5
6	3	0.5
6	2	0.5
6	5	0.5
6	7	0.5
6	9	0.5
6	8	0.5
9	11	0.5
9	17	0.5
9	23	0.5
9	19	0.5
9	5	0.5
9	7	0.5
9	8	0.5
8	11	0.5
8	12	0.5
8	17	0.5
8	23	0.5
8	19	0.5
8	18	0.5
8	1	0.5
8	3	0.5
8	2	0.5
8	5	0.5
8	7	0.5
8	6	0.5
8	9	0.5
