10	1	0.0
10	19	0.0
10	13	0.0
10	7	0.0
13	10	0.0
13	27	0.0
13	20	0.0
13	17	0.0
13	25	0.0
13	19	0.0
13	31	0.0
13	28	0.0
13	1	0.0
13	4	0.0
13	7	0.0
13	9	0.0
27	25	0.0
27	13	0.0
27	20	0.0
27	19	0.0
27	18	0.0
27	31	0.0
27	28	0.0
27	1	0.0
27	4	0.0
27	7	0.0
27	9	0.0
20	25	0.0
20	13	0.0
20	27	0.0
20	17	0.0
20	19	0.0
20	18	0.0
20	31	0.0
20	28	0.0
20	4	0.0
20	7	0.0
17	25	0.0
17	13	0.0
17	27	0.0
17	20	0.0
17	19	0.0
17	18	0.0
17	31	0.0
17	28	0.0
17	1	0.0
17	4	0.0
17	7	0.0
17	9	0.0
25	10	0.0
25	13	0.0
25	20	0.0
25	17	0.0
25	19	0.0
25	31	0.0
25	28	0.0
25	7	0.0
25	9	0.0
19	10	0.0
19	13	0.0
19	27	0.0
19	20	0.0
19	17	0.0
19	25	0.0
19	18	0.0
19	31	0.0
19	28	0.0
19	4	0.0
19	7	0.0
19	9	0.0
18	13	0.0
18	27	0.0
18	20	0.0
18	19	0.0
18	31	0.0
18	9	0.0
31	10	0.0
31	13	0.0
31	27	0.0
31	20	0.0
31	17	0.0
31	25	0.0
31	19	0.0
31	18	0.0
31	28	0.0
31	1	0.0
31	4	0.0
31	7	0.0
31	9	0.0
28	13	0.0
28	27	0.0
28	20	0.0
28	17	0.0
28	19	0.0
28	31	0.0
28	1	0.0
28	7	0.0
1	13	0.0
1	27	0.0
1	17	0.0
1	31	0.0
1	28	0.0
1	4	0.0
4	13	0.0
4	27	0.0
4	20	0.0
4	31	0.0
4	17	0.0
7	10	0.0
7	13	0.0
7	27	0.0
7	20	0.0
7	17	0.0
7	25	0.0
7	19	0.0
7	31	0.0
7	28	0.0
7	9	0.0
9	25	0.0
9	13	0.0
9	27	0.0
9	20	0.0
9	19	0.0
9	18	0.0
9	31	0.0
9	28	0.0
9	7	0.0
