24	13	1.82882079453
24	21	5.48686489741
24	23	0.632475795238
24	28	1.94716132441
24	26	5.85551596845
24	2	4.49669599314
24	4	5.3169302401
24	7	2.08921027811
10	24	0.882514870836
10	21	2.84207736736
10	22	4.20158941787
10	23	0.631537734699
10	19	2.19035131407
10	18	0.831204520638
10	28	2.24184314468
10	2	5.13037353412
10	4	7.25970500869
10	7	2.16286738929
13	24	1.82994934227
13	26	1.32031768877
13	21	0.974654000962
13	28	0.81068274379
13	2	1.15063824592
13	4	1.14463086432
21	24	4.9610690584
21	10	6.75009217274
21	13	0.632455656913
21	22	4.37190443636
21	23	0.631610714695
21	19	2.02047140935
21	28	2.75302728592
21	26	7.0012099593
21	2	4.28302073521
21	4	11.1677890803
21	7	3.1828376109
21	8	3.69265955856
22	24	1.90433483315
22	10	5.39174220124
22	21	4.37238528812
22	19	0.661132727128
22	28	1.56464567253
22	2	5.30268332843
22	4	4.88240123467
22	7	1.99411799095
23	8	0.631832226314
19	10	2.17782321687
19	26	0.981318071142
19	21	1.83808825398
19	22	1.15855144138
19	2	1.49109561983
19	4	2.85793521599
19	7	0.819251760229
18	10	0.649421863118
28	24	1.26676836783
28	10	3.27658604309
28	26	2.96619270024
28	21	1.57790712038
28	22	1.91794798602
28	19	0.980865655134
28	4	3.61729301961
26	24	5.34506362299
26	10	2.76772709288
26	13	1.48875091543
26	21	9.0551537826
26	28	2.62698906244
26	4	7.69590563595
26	7	2.59912587642
2	24	5.34567134428
2	10	5.14769675696
2	21	3.78888448069
2	19	1.49054338076
2	4	7.01736113841
2	7	1.41087215323
4	24	2.75247558122
4	10	10.1474740415
4	13	0.972361890375
4	21	12.0167568875
4	22	6.9200772958
4	19	4.39844756628
4	28	3.77164898985
4	26	3.77176978758
4	2	7.00021653339
4	7	2.67256371264
7	24	2.24330432669
7	10	1.48334434104
7	26	1.22431636335
7	21	3.18266884544
7	22	2.1634760758
7	19	1.0003235439
7	2	2.07369973497
7	4	3.01310004536
8	26	1.56401211786
8	28	1.73397423747
