24	10	0.885135198817
24	13	0.445358544318
24	20	2.06549151147
24	22	0.447457764118
24	4	1.05499240954
24	7	0.545375151586
24	9	0.447569085052
24	8	0.71534031994
10	20	7.85157166881
10	22	0.454199343294
10	23	1.22550400243
10	19	0.440908201271
10	18	0.546410944742
10	4	3.20467610736
10	7	2.69550575985
10	6	11.8709974227
10	9	2.66304493965
10	8	3.20604960586
13	9	0.441134791514
20	10	9.03949677221
20	22	1.46701413329
20	19	0.4405570441
20	4	4.96196488304
20	7	2.41387331903
20	6	4.11298572514
20	9	1.80714208548
20	8	4.79322303935
22	9	0.842142936477
22	4	0.45260506722
22	7	0.622842152396
23	24	0.875617627964
23	10	0.885343961141
23	22	0.448003201509
23	18	0.876024730082
23	1	0.445474603461
23	4	1.39512936286
23	7	1.22531480181
23	6	1.22592825355
23	8	1.39591808692
19	10	0.440668299366
19	4	0.440782220852
19	7	0.440896085193
18	10	0.546937074232
18	22	0.448061224004
18	23	0.875917252757
18	4	0.54705774026
18	7	0.547144687398
18	6	0.547578771636
1	9	0.781038670004
1	4	0.612497327605
4	24	1.22359226179
4	10	3.3734605046
4	20	3.60288172051
4	22	0.454110588608
4	23	1.73401671386
4	18	0.544874042666
4	7	2.35370280231
4	6	8.13098221342
4	9	0.624077741871
7	10	2.86471569064
7	20	2.07362590354
7	23	0.54459104712
7	19	0.441111437727
7	18	0.544626002349
7	4	2.18495275589
7	6	3.88419899349
7	9	1.13404225753
7	8	1.33562376491
6	10	10.3412619012
6	20	5.47139415189
6	22	0.624506288029
6	23	1.22395583543
6	19	0.441329109297
6	18	0.54489587696
6	4	5.9235641633
6	7	3.20578519192
6	9	2.66346590167
6	8	5.58456177005
9	10	3.17127048486
9	22	0.842359958152
9	4	0.792738721167
9	7	1.47277790142
9	6	1.47299243152
9	8	0.963499633041
8	10	3.37537605673
8	20	5.30140949454
8	19	0.441429184688
8	18	0.544202928073
8	7	1.50648276365
8	6	3.37548153953
8	9	1.4741721272
