10	20	0.0
10	14	0.0
10	17	0.0
10	2	0.0
10	5	0.0
10	7	0.0
10	9	0.0
20	10	0.0
20	14	0.0
20	23	0.0
20	19	0.0
20	7	0.0
20	9	0.0
20	8	0.0
14	10	0.0
14	20	0.0
14	17	0.0
14	18	0.0
14	3	0.0
14	5	0.0
14	7	0.0
14	9	0.0
14	8	0.0
17	10	0.0
17	20	0.0
17	14	0.0
17	23	0.0
17	7	0.0
17	9	0.0
23	10	0.0
23	20	0.0
23	5	0.0
23	7	0.0
23	9	0.0
23	8	0.0
19	9	0.0
19	8	0.0
18	8	0.0
18	7	0.0
18	23	0.0
1	9	0.0
1	8	0.0
1	20	0.0
1	19	0.0
3	9	0.0
3	17	0.0
3	23	0.0
2	3	0.0
2	17	0.0
2	14	0.0
2	7	0.0
5	10	0.0
5	20	0.0
5	14	0.0
5	17	0.0
5	23	0.0
5	1	0.0
5	7	0.0
5	9	0.0
7	10	0.0
7	20	0.0
7	14	0.0
7	3	0.0
7	5	0.0
7	9	0.0
7	8	0.0
9	10	0.0
9	20	0.0
9	14	0.0
9	19	0.0
9	18	0.0
9	3	0.0
8	10	0.0
8	20	0.0
8	14	0.0
8	19	0.0
8	5	0.0
8	7	0.0
