10	26	2.58910159977
10	15	2.58910159977
10	23	2.62848622984
10	19	2.58910159977
10	37	2.62848622984
10	33	2.58910159977
10	3	2.58910159977
10	6	2.62848622984
10	9	3.40667890232
10	8	2.62848622984
26	10	2.66686751116
26	15	3.94595188919
26	23	3.12635486203
26	19	3.94595188919
26	32	2.5133684401
26	37	3.12635486203
26	9	2.66686751116
26	8	3.12635486203
15	10	2.55080772143
15	26	3.82989209947
15	19	3.82989209947
15	37	3.0102950723
15	9	2.55080772143
15	8	3.0102950723
23	10	2.68244829857
23	26	3.04094941847
23	15	3.04094941847
23	19	3.04094941847
23	37	3.78480677242
23	33	3.04094941847
23	3	3.04094941847
23	9	2.68244829857
23	8	3.78480677242
19	10	2.67289077745
19	26	3.95197515549
19	15	3.95197515549
19	23	3.13237812832
19	33	3.95197515549
19	37	3.13237812832
19	1	2.56685523494
19	3	3.95197515549
19	6	3.13237812832
19	9	2.67289077745
19	8	3.13237812832
32	26	2.39730865037
37	10	2.61272536368
37	26	2.97122648359
37	15	2.97122648359
37	23	3.71508383753
37	19	2.97122648359
37	33	2.97122648359
37	6	3.71508383753
37	9	2.61272536368
37	8	3.71508383753
1	26	2.49910196473
1	15	2.49910196473
1	19	2.49910196473
1	33	2.49910196473
1	3	2.49910196473
1	8	2.44052995077
33	10	2.62022501646
33	23	3.07971236733
33	19	3.8993093945
33	37	3.07971236733
33	3	3.8993093945
33	7	3.07971236733
33	6	3.07971236733
33	9	2.62022501646
33	8	3.07971236733
3	26	3.91763543689
3	23	3.09803840972
3	19	3.91763543689
3	37	3.09803840972
3	1	2.53251551635
3	33	3.91763543689
3	7	3.09803840972
3	9	2.63855105886
3	8	3.09803840972
7	19	2.96485126837
7	8	3.70870862231
7	3	2.96485126837
7	33	2.96485126837
7	23	3.70870862231
6	10	2.91475620157
6	23	4.01711467543
6	33	3.27325732148
6	1	2.71682318889
6	3	3.27325732148
6	9	2.91475620157
9	10	3.34234016857
9	26	2.52476286602
9	23	2.56414749609
9	33	2.52476286602
9	37	2.56414749609
9	8	2.56414749609
8	10	2.65465050784
8	26	3.01315162775
8	15	3.01315162775
8	23	3.7570089817
8	19	3.01315162775
8	37	3.7570089817
8	1	2.45671749516
8	33	3.01315162775
8	3	3.01315162775
8	6	3.7570089817
8	9	2.65465050784
