13	38	1.21253320796
13	21	1.21253320796
13	22	1.07707788269
13	1	1.01555324919
13	2	1.21253320796
13	5	1.21253320796
13	7	1.07707788269
13	8	1.07707788269
38	13	1.11397627861
38	22	0.978520953347
38	23	0.934736551591
38	1	0.916996319845
38	2	1.11397627861
38	5	1.11397627861
38	7	0.978520953347
38	9	0.934736551591
38	8	0.978520953347
15	2	1.04031078961
15	17	1.00181071221
21	13	1.25660312605
21	17	1.07736339903
21	22	1.12114780078
21	23	1.07736339903
21	1	1.05962316728
21	3	1.25660312605
21	2	1.25660312605
21	5	1.25660312605
21	9	1.07736339903
21	8	1.12114780078
22	13	2.12412512339
22	15	2.27845303562
22	21	2.12412512339
22	17	2.08562504599
22	23	2.08562504599
22	3	2.12412512339
22	2	2.12412512339
22	5	2.12412512339
22	7	2.27845303562
22	9	2.08562504599
22	8	2.27845303562
23	38	1.39337055502
23	21	1.39337055502
23	22	1.42054708025
23	2	1.39337055502
23	17	1.54090433594
23	7	1.42054708025
23	9	1.54090433594
23	8	1.42054708025
1	9	1.05136820686
1	8	1.0498583999
1	3	1.06306921077
3	22	2.04929832622
2	13	1.93561670477
2	38	1.93561670477
2	21	1.93561670477
2	22	1.80016137951
2	23	1.75637697775
2	1	1.73863674601
2	5	1.93561670477
2	17	1.75637697775
2	7	1.80016137951
2	9	1.75637697775
2	8	1.80016137951
5	13	1.17385896986
5	21	1.17385896986
5	22	1.03840364459
5	1	0.976879011093
5	2	1.17385896986
5	9	0.994619242839
5	8	1.03840364459
17	38	1.60819970987
17	15	1.6353762351
17	21	1.60819970987
17	22	1.6353762351
17	23	1.75573349079
17	8	1.6353762351
7	13	1.96634046974
7	38	1.96634046974
7	17	1.92784039233
7	22	2.12066838197
7	23	1.92784039233
7	1	1.86480595187
7	2	1.96634046974
7	9	1.92784039233
7	8	2.12066838197
9	38	1.35884444085
9	21	1.35884444085
9	22	1.38602096607
9	23	1.50637822177
9	2	1.35884444085
9	5	1.35884444085
9	7	1.38602096607
9	8	1.38602096607
8	38	3.01095035409
8	15	3.16527826632
8	21	3.01095035409
8	22	3.16527826632
8	23	2.97245027668
8	3	3.01095035409
8	2	3.01095035409
8	5	3.01095035409
8	17	2.97245027668
8	7	3.16527826632
8	9	2.97245027668
