11	39	0.869769693944
11	12	0.297436921537
11	15	1.61282408484
11	14	0.321723363169
11	17	2.7011608631
11	23	2.16683861343
11	19	3.14233878111
11	34	0.76450122105
11	3	1.71899663721
11	4	0.359922973046
13	3	0.300710397932
13	15	0.288922185968
13	4	0.301126728311
13	17	0.287707294065
13	6	0.301458528455
12	11	0.294796953652
12	19	0.295136084283
12	17	0.289777955798
12	34	0.2953037326
15	11	1.27403101808
15	39	1.0392829301
15	14	0.322293704044
15	17	2.02147621406
15	19	3.31293047039
15	3	1.20917399487
15	4	1.54905098411
14	11	0.316037515578
14	39	0.299067052617
14	15	0.316112322269
14	17	0.69353310554
17	11	1.33648381129
17	39	0.469018927947
17	12	0.289239603671
17	15	2.35595474801
17	14	0.693599882173
17	23	1.64854266429
17	19	4.56515307468
17	34	0.317832900775
17	3	2.67812902714
17	6	1.14917370853
23	11	1.65476903936
23	39	1.14198213415
23	17	1.47922338974
23	19	1.65484389804
23	34	0.295708487329
23	3	1.48211862362
23	7	0.635589607396
19	11	3.82230244269
19	13	0.287342508672
19	12	0.297809374685
19	15	3.31269420989
19	14	0.322042713285
19	17	5.08009120842
19	23	2.16720323724
19	39	0.528684752939
19	34	0.764649194753
19	3	5.28637066131
19	4	1.71912842019
19	6	0.700137481199
39	11	1.55043585872
39	12	0.293386262372
39	15	0.531148231296
39	14	0.306161912326
39	17	0.815949407435
39	23	0.463366068865
39	19	0.701079153662
39	4	1.24722392013
39	7	0.361289804866
34	11	0.764694965196
34	39	0.360106281309
34	12	0.298196764577
34	17	0.322747524174
34	23	0.298346218457
34	19	0.765149643321
34	3	0.360281081031
34	4	0.361046448977
34	6	0.361324001528
3	11	1.5502401087
3	13	0.297849640985
3	12	0.293614842155
3	15	1.55037975091
3	17	6.59313679344
3	23	2.84221434217
3	19	3.92927739094
3	34	0.361740850865
3	6	1.75648876
4	11	0.362153058045
4	13	0.637808732243
4	15	2.40100883614
4	14	0.306798382384
4	17	0.986486390313
4	19	3.25143604721
4	39	2.94614180837
4	34	0.363460800252
4	7	0.363596559888
4	6	2.94773120234
7	3	0.359925458358
7	15	0.763405189076
7	39	0.360116781691
7	23	0.977722704814
6	11	0.703404699392
6	13	0.298014989533
6	15	0.533744117307
6	14	0.306688940508
6	17	1.32633558709
6	23	0.633421127864
6	19	1.38399220804
6	39	0.738753941263
6	34	0.364965410595
6	3	2.60791281956
6	4	2.94843329405
6	7	0.534738901405
