11	16	0.5
11	30	0.5
11	2	0.5
11	5	0.5
11	7	0.5
11	6	0.5
10	16	0.5
10	2	0.5
10	26	0.5
10	7	0.5
10	6	0.5
26	11	0.5
26	12	0.5
26	16	0.5
26	30	0.5
26	36	0.5
26	2	0.5
26	5	0.5
26	4	0.5
26	7	0.5
26	6	0.5
26	9	0.5
26	8	0.5
12	16	0.5
12	30	0.5
12	5	0.5
12	4	0.5
12	7	0.5
12	6	0.5
16	11	0.5
16	10	0.5
16	26	0.5
16	12	0.5
16	30	0.5
16	2	0.5
16	5	0.5
16	4	0.5
16	7	0.5
16	6	0.5
16	9	0.5
16	8	0.5
30	11	0.5
30	26	0.5
30	16	0.5
30	2	0.5
30	5	0.5
30	4	0.5
30	7	0.5
30	6	0.5
30	9	0.5
30	8	0.5
36	11	0.5
36	10	0.5
36	26	0.5
36	12	0.5
36	16	0.5
36	2	0.5
36	5	0.5
36	4	0.5
36	7	0.5
36	6	0.5
2	11	0.5
2	26	0.5
2	12	0.5
2	16	0.5
2	30	0.5
2	36	0.5
2	5	0.5
2	4	0.5
2	7	0.5
2	6	0.5
2	9	0.5
2	8	0.5
5	26	0.5
5	12	0.5
5	16	0.5
5	30	0.5
5	36	0.5
5	2	0.5
5	4	0.5
5	6	0.5
5	9	0.5
5	8	0.5
4	11	0.5
4	10	0.5
4	26	0.5
4	12	0.5
4	16	0.5
4	30	0.5
4	36	0.5
4	2	0.5
4	5	0.5
4	7	0.5
4	6	0.5
4	9	0.5
4	8	0.5
7	10	0.5
7	12	0.5
7	16	0.5
7	2	0.5
7	4	0.5
7	6	0.5
6	11	0.5
6	10	0.5
6	26	0.5
6	16	0.5
6	30	0.5
6	36	0.5
6	2	0.5
6	5	0.5
6	4	0.5
6	7	0.5
6	8	0.5
9	26	0.5
9	16	0.5
9	36	0.5
9	2	0.5
9	7	0.5
9	8	0.5
8	11	0.5
8	26	0.5
8	16	0.5
8	30	0.5
8	2	0.5
8	5	0.5
8	6	0.5
8	9	0.5
