13	20	1.40405143465
13	44	6.73524100475
13	30	2.88090704962
13	28	4.41067238738
13	6	2.59332503366
13	9	1.86222028021
13	8	1.91385549124
38	33	1.63830758544
38	8	2.25369244495
38	44	2.6580137582
38	30	2.37140647883
20	9	1.52150775378
20	8	2.49007669037
20	13	2.25945974886
20	33	5.82748557196
20	6	3.67951378871
33	38	1.63861157605
33	20	7.35060264949
33	44	5.7163139637
33	30	4.07044245934
33	29	3.44289516561
33	77	1.23424131483
33	7	1.18263599941
33	9	3.05173682899
33	8	4.46263402146
44	13	5.71675317958
44	20	3.27327421864
44	33	5.03720419268
44	30	6.61976038777
44	29	3.27326289755
44	6	4.80261357203
44	9	2.20235352996
44	8	2.76396913576
30	77	1.33694880816
30	13	2.71148609441
30	38	1.35252719902
30	20	2.52634831298
30	44	5.94049233461
28	13	5.08651424102
28	44	4.06718722855
29	13	3.44785595394
29	33	3.61783344474
29	44	1.91895985563
29	6	3.16894559295
29	9	3.22027864194
29	8	2.65937330626
77	33	1.23940540201
77	8	2.65941727302
77	38	2.08905119987
77	20	3.1691683073
5	44	7.07527591906
7	33	1.17887058198
7	77	1.18403087367
6	13	5.14767887594
6	20	3.67881033131
6	33	4.63803047244
6	44	6.16737541798
6	30	2.35214158415
6	29	3.33907761918
6	8	3.67918136086
9	8	1.35410456604
9	44	1.85857153548
9	20	2.37368005873
9	29	3.22336256758
9	6	1.52442410397
8	13	2.42932783893
8	38	2.25949970769
8	20	2.99960882392
8	33	3.61918986103
8	44	3.78924015077
8	30	1.33280110963
8	29	2.99960231499
8	77	2.82992266417
8	6	3.84948523961
8	9	1.35118224998
