24	10	2.04120815738
24	27	4.5494657381
24	14	4.71990217805
24	17	4.30317918956
24	23	7.36185301229
24	32	4.98432372969
24	30	1.67149576157
24	22	1.19172618263
24	2	3.11575330309
24	5	3.96569143975
24	9	2.21120737267
10	24	1.69276805129
10	27	3.5617655524
10	14	3.39207721908
10	22	2.24639686434
10	23	3.21457565233
10	32	2.19552371178
10	17	2.36564317805
10	9	2.92607328046
27	24	3.3595662254
27	14	5.56841440715
27	23	7.70324545854
14	24	4.2095306179
14	10	4.92990684529
14	27	6.24837820258
14	17	12.8008415555
14	22	3.40092032285
14	32	6.17514745091
14	2	2.43759533346
14	5	1.58826328904
14	9	5.6099765988
17	24	2.78119063786
17	10	3.5546274181
17	27	9.23764320013
17	14	12.1266912556
17	22	3.72506161164
17	32	9.43952063211
17	30	2.01760680377
17	2	3.49349968366
17	5	2.47433921854
17	9	5.08464778537
23	24	6.17980233684
23	10	3.38568402356
23	22	2.02667719544
23	32	3.32383527575
23	5	4.34350231827
23	9	2.53665018407
32	24	3.63193233632
32	10	2.0271827575
32	27	3.63193056067
32	14	4.6518090242
32	17	13.348694082
32	23	3.15480218128
32	30	4.05647721329
32	22	1.51782246237
32	2	8.08276267836
32	5	7.40408454294
30	9	1.50109411224
30	2	2.86870256128
30	5	2.52925162992
30	22	1.33126244395
30	17	3.88868104048
22	24	1.18279208544
22	10	1.90661635623
22	14	1.86246295495
22	17	3.21481935513
22	23	2.36537705939
22	32	1.34603236819
22	2	1.51600426862
22	5	1.51607377363
2	24	4.31154757987
2	10	1.51782959073
2	14	3.97249691144
2	17	3.49676229421
2	32	8.2545172013
2	30	1.67783597051
2	5	1.62903395954
2	9	1.34798447889
5	24	3.97250073707
5	14	2.10374380768
5	23	5.7069966474
5	32	5.87774347064
5	30	3.71681016758
5	2	1.63087283509
5	9	1.17800821999
9	24	3.56122338085
9	10	2.75609440439
9	14	3.90136004013
9	17	5.42383692228
9	23	2.02585744896
9	32	2.19589574776
9	5	1.68632446875
