11	20	4.09131810041
11	17	1.50897369053
11	19	3.88770790818
11	36	2.42841259848
11	33	2.22245619848
11	7	3.92157317996
25	9	3.10811347332
25	34	6.13048064079
39	20	1.8327133549
39	17	1.39047115691
39	33	1.83293037861
39	34	2.17305443038
39	7	1.83332941971
39	9	1.2165462579
20	11	4.4449608788
20	25	6.65396089468
20	39	2.17313307888
20	17	5.46842938046
20	19	6.48819788711
20	36	4.27526357469
20	34	6.93062427127
20	1	2.01287867396
20	33	10.1589839314
20	7	5.06222877899
20	6	2.41077642934
20	9	3.08579430705
17	39	1.22426589323
17	20	6.49184996818
17	19	7.55223710593
17	34	1.56527517496
17	1	5.07848906031
17	33	4.96404344181
17	7	2.41559420076
17	6	3.30538498907
17	9	1.35136221613
19	1	3.03980363376
19	11	4.74949622907
19	20	6.49318905844
19	33	3.43503232861
19	6	1.77708087594
36	33	2.56157440816
36	39	1.54225119936
36	20	3.92097541803
34	25	6.14333694413
34	39	1.662991167
34	20	6.4203355031
34	17	1.56134567032
34	33	7.43971587944
34	1	2.35271445717
34	9	2.9150965098
1	39	1.16728575202
1	20	2.35670053365
1	17	4.23268503131
1	34	3.71600648528
1	7	1.6772759386
1	6	1.85443086356
33	11	2.06557569626
33	39	2.00255222256
33	20	10.8380159442
33	17	3.93980797815
33	19	1.90123670298
33	36	4.2744713062
33	34	8.45962297959
33	7	3.53276087693
33	6	1.90113524363
33	9	2.91520498857
7	11	3.93479228243
7	39	1.83387815807
7	20	7.10115733849
7	19	4.27980596655
7	33	3.36341330521
7	6	1.22162180213
7	9	2.5755136328
6	11	1.18125343704
6	39	1.22499654706
6	20	2.4148183127
6	17	2.28668430177
6	19	2.28677252427
6	36	1.18126064461
6	34	2.24499860849
6	1	1.34086328093
6	33	1.90547222964
6	7	1.56583458984
9	11	2.42772418036
9	33	2.73070838432
9	20	2.22108995862
9	7	2.39125818697
9	34	1.54183486232
