11	26	1.33995543414
11	16	4.57049634503
11	99	1.39776794772
11	3	1.00022984787
11	6	1.51230554214
11	8	1.17270142353
26	11	2.19978195752
26	12	3.02277820476
26	15	2.22383839299
26	16	4.43300073558
26	36	1.54472195155
26	99	1.69030210419
26	5	3.66425985186
26	4	2.98488426561
26	6	3.07384520594
26	8	9.02055107147
12	26	2.00494606206
12	36	0.632651168178
12	99	0.632650696624
12	3	3.87393441449
12	5	1.15563461025
12	4	5.91303914806
12	8	0.632720634523
15	11	0.839356634471
15	26	3.41339775123
15	16	1.08005463363
15	99	1.51902448657
15	3	1.37494829408
15	5	2.56450892543
15	6	2.43974259613
15	8	1.08103095221
16	11	4.23774279254
16	26	3.58386457889
16	12	0.973501508002
16	15	1.0816983835
16	36	1.42156611949
16	99	1.34955262475
16	3	3.7536376796
16	2	8.68086704905
16	5	2.22475837195
16	4	3.75400064621
16	6	4.81996989473
16	8	4.99037363645
36	26	1.37539839803
36	99	0.839759839983
36	3	0.695839160636
36	5	1.71537384126
36	4	2.05523878028
36	7	1.51953801072
36	6	1.08259700734
99	11	2.07708491463
99	26	0.999751844433
99	12	0.631711340428
99	15	1.34185910379
99	16	1.00225001307
99	36	1.17221756495
99	5	0.829888414512
99	7	2.41691377886
99	8	1.0024357932
3	11	0.840006701939
3	12	5.2313769737
3	15	2.05350307952
3	16	4.43231662945
3	36	0.694584537775
3	99	1.00995292115
3	5	7.23086030798
3	4	6.72126750761
3	7	1.17985919696
3	6	4.60263189343
3	8	2.39449826778
2	15	1.54504602329
5	26	8.42022513991
5	12	0.983998936207
5	15	1.37525344193
5	36	2.05498191032
5	99	1.51973890838
5	3	5.19214572263
5	4	3.66347823187
5	6	1.37551160682
5	8	2.3950443275
4	11	1.85968327559
4	26	3.66368027682
4	12	2.85298378931
4	16	3.41457682951
4	36	1.37580740051
4	99	1.01034583889
4	3	9.44044931875
4	5	2.81442571821
4	8	1.54571934644
7	11	1.22723366183
7	5	1.5090562626
7	36	1.17192334071
6	11	1.1791224768
6	26	3.58343988311
6	12	1.99290825374
6	15	2.44120156679
6	16	4.65048169505
6	99	0.669453531057
6	3	4.26302358044
6	5	2.39421493761
6	4	3.07411778316
6	8	2.95178635807
8	26	4.09375707027
8	15	1.08330756411
8	16	5.33122975354
8	99	1.00923875029
8	3	1.71554237677
8	5	1.37579580985
8	4	1.88556109248
8	6	4.31176195165
