11	19	1.53621090723
11	18	1.05726885633
11	27	1.11168339838
10	13	1.26021564513
10	27	1.7920175369
10	14	1.26021564513
10	18	1.26021564513
10	38	1.7920175369
10	5	1.26021564513
10	7	1.2596974114
10	6	1.7920175369
10	9	1.2596974114
10	8	1.7920175369
13	10	1.10271273267
13	27	1.10271273267
13	14	1.536050215
13	18	1.536050215
13	1	1.00321185577
13	38	1.10271273267
13	5	1.536050215
13	7	1.01875886778
13	6	1.10271273267
13	9	1.01875886778
13	8	1.10271273267
27	11	1.11155113366
27	10	1.64387125915
27	13	1.11206936739
27	38	1.64387125915
27	14	1.11206936739
27	18	1.11206936739
27	1	1.01412319169
27	5	1.11206936739
27	7	1.11155113366
27	6	1.64387125915
27	9	1.11155113366
27	8	1.64387125915
14	10	1.06833089483
14	13	1.50166837715
14	27	1.06833089483
14	1	0.968830017925
14	38	1.06833089483
14	5	1.50166837715
14	7	0.984377029942
14	6	1.06833089483
14	8	1.06833089483
19	13	1.01706741364
19	27	1.0714819557
18	11	1.0262314456
18	10	1.11018531049
18	27	1.11018531049
18	1	1.01068443359
18	38	1.11018531049
18	5	1.54352279282
18	7	1.0262314456
18	6	1.11018531049
18	9	1.0262314456
1	10	0.948398939683
1	13	0.972755925176
1	27	0.948398939683
1	18	0.972755925176
1	38	0.948398939683
1	5	0.972755925176
1	9	0.94788070595
38	11	1.06399111128
38	10	1.59631123678
38	13	1.06450934502
38	27	1.59631123678
38	14	1.06450934502
38	19	1.06399111128
38	1	0.966563169312
38	5	1.06450934502
38	7	1.06399111128
38	8	1.59631123678
5	10	1.15084844563
5	13	1.58418592796
5	27	1.15084844563
5	14	1.58418592796
5	18	1.58418592796
5	1	1.05134756873
5	7	1.06689458074
5	6	1.15084844563
5	9	1.06689458074
5	8	1.15084844563
7	10	1.1187341831
7	13	1.06431964104
7	27	1.1187341831
7	14	1.06431964104
7	18	1.06431964104
7	38	1.1187341831
7	6	1.1187341831
7	9	1.54326169195
7	8	1.1187341831
6	10	1.57198973444
6	13	1.04018784268
6	27	1.57198973444
6	14	1.04018784268
6	18	1.04018784268
6	38	1.57198973444
6	5	1.04018784268
6	7	1.03966960895
9	10	1.14415006754
9	38	1.14415006754
9	27	1.14415006754
9	7	1.56867757639
9	6	1.14415006754
9	8	1.14415006754
8	10	1.64025181833
8	13	1.10844992657
8	27	1.64025181833
8	14	1.10844992657
8	18	1.10844992657
8	38	1.64025181833
8	5	1.10844992657
8	7	1.10793169283
8	9	1.10793169283
