24	10	1.49976184606
24	27	2.31666560682
24	14	2.31666560682
24	17	1.49976184606
24	32	1.49976184606
24	30	1.49976184606
24	2	1.49976184606
24	5	1.49976184606
24	9	1.49976184606
24	8	2.31666560682
10	24	1.51196208972
10	27	1.51196208972
10	14	1.51196208972
10	17	1.51196208972
10	32	1.51196208972
10	8	1.51196208972
27	24	2.36982414988
27	14	2.36982414988
27	17	1.55292038912
27	32	1.55292038912
27	30	1.55292038912
27	22	1.55292038912
27	2	1.55292038912
27	5	1.55292038912
27	9	1.55292038912
27	8	2.36982414988
14	24	2.39254505542
14	10	1.57564129466
14	27	2.39254505542
14	17	1.57564129466
14	32	1.57564129466
14	5	1.57564129466
14	9	1.57564129466
14	8	2.39254505542
17	24	1.61551147154
17	10	1.61551147154
17	27	1.61551147154
17	14	1.61551147154
17	25	1.61551147154
17	32	2.4324152323
17	2	2.4324152323
17	9	1.61551147154
17	8	1.61551147154
25	27	2.2997655135
25	22	1.48286175274
25	17	1.48286175274
25	32	1.48286175274
25	2	1.48286175274
25	9	1.48286175274
25	8	2.2997655135
32	24	1.55126687624
32	10	1.55126687624
32	27	1.55126687624
32	14	1.55126687624
32	17	2.368170637
32	25	1.55126687624
32	30	1.55126687624
32	22	1.55126687624
32	2	2.368170637
32	5	2.368170637
32	9	1.55126687624
32	8	1.55126687624
30	24	1.50807816266
30	22	1.50807816266
30	17	1.50807816266
30	32	1.50807816266
30	2	1.50807816266
30	5	1.50807816266
30	9	1.50807816266
30	8	1.50807816266
22	25	1.48945379804
22	27	1.48945379804
22	17	1.48945379804
22	2	1.48945379804
22	5	1.48945379804
22	9	2.3063575588
22	8	1.48945379804
2	24	1.52364874225
2	10	1.52364874225
2	27	1.52364874225
2	14	1.52364874225
2	17	2.34055250301
2	25	1.52364874225
2	32	2.34055250301
2	30	1.52364874225
2	22	1.52364874225
2	5	2.34055250301
2	8	1.52364874225
5	24	1.54394490184
5	10	1.54394490184
5	27	1.54394490184
5	14	1.54394490184
5	22	1.54394490184
5	25	1.54394490184
5	32	2.3608486626
5	2	2.3608486626
5	9	1.54394490184
5	8	1.54394490184
9	24	1.53713008597
9	10	2.35403384674
9	27	1.53713008597
9	14	1.53713008597
9	17	1.53713008597
9	25	1.53713008597
9	32	1.53713008597
9	2	1.53713008597
9	5	1.53713008597
9	8	1.53713008597
8	24	2.48633722162
8	10	1.66943346086
8	27	2.48633722162
8	14	2.48633722162
8	17	1.66943346086
8	25	2.48633722162
8	32	1.66943346086
8	22	1.66943346086
8	2	1.66943346086
8	5	1.66943346086
8	9	1.66943346086
