24	11	0.5
24	10	0.5
24	13	0.5
24	21	0.5
24	19	0.5
24	28	0.5
24	26	0.5
24	2	0.5
24	5	0.5
24	4	0.5
24	7	0.5
10	11	0.5
10	13	0.5
10	21	0.5
10	22	0.5
10	19	0.5
10	28	0.5
10	26	0.5
10	2	0.5
10	5	0.5
10	4	0.5
10	7	0.5
10	8	0.5
13	24	0.5
13	26	0.5
13	21	0.5
13	22	0.5
13	19	0.5
13	28	0.5
13	2	0.5
13	4	0.5
13	8	0.5
21	24	0.5
21	10	0.5
21	13	0.5
21	19	0.5
21	28	0.5
21	26	0.5
21	2	0.5
21	4	0.5
21	7	0.5
21	8	0.5
22	10	0.5
22	26	0.5
22	21	0.5
22	19	0.5
22	28	0.5
22	2	0.5
22	4	0.5
22	7	0.5
19	11	0.5
19	10	0.5
19	21	0.5
19	22	0.5
19	28	0.5
19	2	0.5
19	4	0.5
19	7	0.5
19	8	0.5
28	24	0.5
28	10	0.5
28	13	0.5
28	21	0.5
28	22	0.5
28	19	0.5
28	26	0.5
28	5	0.5
28	4	0.5
28	7	0.5
28	8	0.5
26	24	0.5
26	10	0.5
26	13	0.5
26	21	0.5
26	22	0.5
26	28	0.5
26	2	0.5
26	5	0.5
26	4	0.5
26	7	0.5
26	8	0.5
2	24	0.5
2	10	0.5
2	13	0.5
2	21	0.5
2	22	0.5
2	19	0.5
2	26	0.5
2	5	0.5
2	4	0.5
2	7	0.5
2	8	0.5
5	24	0.5
5	10	0.5
5	26	0.5
5	19	0.5
5	28	0.5
5	4	0.5
5	7	0.5
4	24	0.5
4	10	0.5
4	13	0.5
4	21	0.5
4	22	0.5
4	19	0.5
4	28	0.5
4	26	0.5
4	2	0.5
4	7	0.5
4	11	0.5
4	8	0.5
7	10	0.5
7	26	0.5
7	21	0.5
7	22	0.5
7	19	0.5
7	28	0.5
7	2	0.5
7	4	0.5
7	8	0.5
11	19	0.5
11	10	0.5
11	26	0.5
8	10	0.5
8	26	0.5
8	21	0.5
8	19	0.5
8	28	0.5
8	2	0.5
8	4	0.5
8	7	0.5
