25	13	3.43191875736
25	12	3.04847347095
25	22	1.68118179091
25	23	1.6813388551
25	33	1.85929782452
25	31	0.815533090089
25	40	0.815533046328
25	19	0.840182575279
25	27	1.68977132413
25	4	1.68146892245
25	7	2.53950465854
25	8	0.840557670835
13	33	1.69014625643
13	25	2.92226849066
13	12	4.06908150285
13	7	2.70993908463
12	25	2.71220625195
12	13	4.4114582737
12	27	1.97853392641
12	23	2.09080634869
12	33	4.69715590276
12	32	0.901509210847
12	19	1.29922608973
12	4	3.7899496799
12	7	2.1491048153
22	8	0.905450286467
22	4	1.95234701828
23	25	2.02642144011
23	13	2.02649806376
23	27	2.26489585105
23	33	3.96436997649
23	31	0.817295319531
23	19	0.906255663435
23	4	3.48130261151
23	7	3.1154189689
23	8	0.90675209692
33	25	3.05264160228
33	13	3.56242362326
33	12	6.3963885011
33	23	4.80919602279
33	19	1.29961492681
33	32	3.79012728554
33	31	0.81703571858
33	40	0.822909004097
33	27	2.48921978123
33	4	5.65937400355
33	7	3.50921467783
33	8	1.30054829032
32	25	1.17665051239
32	12	0.905591321153
32	23	1.78146973865
32	33	3.62451884482
32	31	0.818042478468
32	40	0.824095963822
32	19	0.905939580797
32	27	1.245933044
32	4	1.27200930783
32	7	0.90614406225
32	8	0.906206823843
31	25	0.815994456509
31	13	0.816072725875
31	27	0.816229345812
31	23	0.817403186008
31	33	0.81685285955
31	32	0.818022130035
31	40	0.816068957719
31	7	0.817004539933
31	8	0.817082219657
40	25	0.815834540146
40	27	0.825420234965
40	33	0.825800891008
40	32	0.822915882801
40	31	0.815988660685
40	12	0.825862452081
40	4	0.82313726718
40	7	0.825932915169
40	8	0.826008776546
19	25	0.843249152587
19	27	1.29935381511
19	22	0.900509584058
19	23	0.900572632621
19	33	1.2995162121
19	32	0.900591966731
19	31	0.817072122002
19	12	1.29961492681
19	4	0.900674208939
19	7	1.30003001778
19	8	1.30009325528
27	25	1.35321439398
27	13	2.20279875871
27	12	1.47054150928
27	23	2.0898935787
27	33	2.15084783992
27	32	1.24033343554
27	31	0.817134853506
27	19	1.30148099549
27	4	1.07062308475
27	7	1.64154110599
27	8	1.3020483318
4	27	2.09392927516
4	22	2.79994869814
4	23	3.13982094221
4	33	5.15280237459
4	32	1.27126620372
4	31	0.818036479316
4	40	0.824136456097
4	19	0.9051842325
4	12	4.8132443842
4	7	2.09511146216
4	8	0.906160237149
7	25	2.03265122791
7	13	2.88230567544
7	12	3.51023019259
7	22	2.59880705269
7	23	2.08959367783
7	33	2.15150065718
7	32	1.24000180465
7	31	0.81733104119
7	19	1.30211660809
7	27	1.4726323468
7	4	2.08953351684
7	8	1.30273424439
8	25	0.84340818564
8	27	1.30301138032
8	23	0.900226776466
8	33	1.30322691412
8	32	0.900231700861
8	31	0.817395110001
8	19	1.30325930812
8	4	0.900264731557
8	7	1.30336684502
