11	9	1.26956311933
11	17	1.80546188978
13	11	1.2735923022
13	17	1.2735923022
13	44	1.70266611992
13	30	1.17667164972
13	28	1.18020889981
13	29	1.2735923022
13	8	1.2735923022
20	17	1.6409863893
20	33	1.21155884657
20	29	1.6409863893
20	5	1.21155884657
20	9	1.10508761885
20	8	1.6409863893
17	13	1.35779586699
17	33	1.35779586699
17	44	1.35779586699
17	30	1.21878193845
17	28	1.25132463928
17	29	1.78722340972
17	5	1.35779586699
17	8	1.78722340972
33	13	1.65902830222
33	20	1.2299544845
33	21	1.13657108212
33	17	1.2299544845
33	44	1.65902830222
33	30	1.13303383203
33	28	1.13657108212
33	29	1.2299544845
33	5	1.65902830222
33	7	1.13657108212
33	9	1.13657108212
33	8	1.2299544845
44	13	1.6482703183
44	20	1.21919650058
44	17	1.21919650058
44	33	1.6482703183
44	30	1.12227584811
44	28	1.1258130982
44	29	1.21919650058
44	5	1.6482703183
44	9	1.1258130982
44	8	1.21919650058
30	13	1.28780235978
30	33	1.28780235978
30	44	1.28780235978
30	28	1.25030750883
30	5	1.28780235978
30	9	1.25030750883
30	8	1.26056553409
28	13	1.23724954999
28	20	1.24644640022
28	17	1.24644640022
28	44	1.23724954999
28	30	1.20329194912
28	29	1.24644640022
28	9	1.63731791697
28	8	1.24644640022
29	13	1.27594020842
29	20	1.70536775115
29	17	1.70536775115
29	33	1.27594020842
29	44	1.27594020842
29	28	1.16946898071
29	9	1.16946898071
29	8	1.70536775115
5	13	1.72880058285
5	17	1.29972676513
5	33	1.72880058285
5	44	1.72880058285
5	30	1.20280611265
5	9	1.20634336274
5	8	1.29972676513
7	33	1.29896884753
7	5	1.29896884753
9	17	1.14428653786
9	44	1.13508968762
9	28	1.5351580546
9	29	1.14428653786
9	7	1.5351580546
9	8	1.14428653786
8	13	1.36633069326
8	20	1.79575823599
8	17	1.79575823599
8	33	1.36633069326
8	44	1.36633069326
8	30	1.22731676471
8	28	1.25985946554
8	29	1.79575823599
8	5	1.36633069326
8	7	1.25985946554
8	9	1.25985946554
